Seed: 1686998129

FO-const: 251 | FO-SA: 251 | Tempo: 8.816500s | SA: false
FO-const: 235 | FO-SA: 235 | Tempo: 17.219184s | SA: false
FO-const: 214 | FO-SA: 214 | Tempo: 25.072969s | SA: false
FO-const: 211 | FO-SA: 211 | Tempo: 40.312482s | SA: false
FO-const: 201 | FO-SA: 201 | Tempo: 63.437121s | SA: false

Melhor FO: 201 | Tempo: 63.437121s
Solucao: 
0 3 9 42 16 4 21 2 5 12 44 43 19 1 70 31 18 24 22 6 11 47 51 28 32 38 13 50 57 7 59 48 10 15 55 17 34 74 112 33 100 94 29 8 14 46 54 36 68 20 26 89 60 79 25 30 39 23 71 45 61 97 27 90 58 53 72 56 103 63 35 41 81 37 62 66 109 83 105 77 102 78 91 80 92 64 113 65 101 96 104 40 85 76 86 49 87 73 52 114 108 111 88 67 69 98 82 115 84 110 95 75 93 118 99 106 107 117 116 119 120 121 
0 0 2 10 10 2 13 0 10 12 21 3 27 27 31 21 10 31 21 11 41 12 25 36 47 40 36 36 46 55 40 47 21 55 3 65 50 20 55 57 65 33 28 22 45 25 73 42 60 49 73 28 82 79 73 62 83 82 65 91 87 69 20 93 91 41 87 98 102 100 83 110 120 73 102 108 93 130 136 136 102 109 120 140 136 82 130 110 109 112 130 93 145 149 149 137 109 150 156 140 114 149 165 142 150 158 168 170 137 145 170 156 168 179 146 165 179 167 189 196 170 201 