Seed: 1686998129

FO-const: 176 | FO-SA: 176 | Tempo: 8.202038s | SA: false
FO-const: 165 | FO-SA: 165 | Tempo: 23.973619s | SA: false
FO-const: 159 | FO-SA: 159 | Tempo: 38.386419s | SA: false
FO-const: 152 | FO-SA: 152 | Tempo: 112.977544s | SA: false
FO-const: 151 | FO-SA: 151 | Tempo: 465.823613s | SA: false
FO-const: 150 | FO-SA: 150 | Tempo: 604.402904s | SA: false

Melhor FO: 150 | Tempo: 604.402904s
Solucao: 
0 1 2 3 11 12 6 71 20 4 25 8 27 108 16 22 17 5 59 9 18 10 35 32 70 51 7 42 75 19 34 36 24 72 38 65 90 41 67 43 62 29 26 50 31 28 85 44 33 99 37 89 82 94 53 74 13 46 101 69 96 66 56 92 105 39 97 30 57 40 47 52 68 15 76 61 45 55 88 48 73 91 58 93 113 77 63 64 14 49 98 23 54 78 118 84 86 100 79 21 95 87 80 107 60 103 115 102 112 106 104 81 109 110 83 111 116 114 119 117 120 121 
0 0 0 0 1 9 1 16 3 3 3 13 3 13 20 9 5 16 5 23 5 6 9 25 27 9 25 35 30 35 9 17 20 30 36 38 22 38 39 29 9 42 29 22 25 46 32 30 49 51 56 60 13 34 49 49 27 46 52 54 25 46 60 39 62 64 67 53 34 62 63 67 62 30 62 67 52 46 56 65 69 71 68 72 75 79 77 72 68 65 82 82 71 92 92 86 92 102 102 30 110 91 83 95 80 102 83 103 103 112 117 103 112 121 112 118 118 131 121 126 140 150 