Seed: 1686998129

FO-const: 2441 | FO-SA: 2441 | Tempo: 2.312214s | SA: false
FO-const: 2145 | FO-SA: 2145 | Tempo: 6.986928s | SA: false
FO-const: 2137 | FO-SA: 2137 | Tempo: 9.360965s | SA: false
FO-const: 2135 | FO-SA: 2135 | Tempo: 14.140518s | SA: false
FO-const: 2131 | FO-SA: 2131 | Tempo: 21.139757s | SA: false
FO-const: 143 | FO-SA: 143 | Tempo: 49.384414s | SA: false

Melhor FO: 143 | Tempo: 49.384414s
Solucao: 
0 2 3 1 49 38 7 8 4 14 31 5 9 15 48 19 21 22 29 18 11 24 32 12 37 6 20 28 13 33 40 23 10 17 47 52 26 41 59 34 16 25 35 30 43 27 44 39 54 51 51 36 45 56 55 42 50 46 53 57 58 60 
0 0 6 9 12 9 13 6 10 17 21 13 22 30 36 12 36 40 46 50 22 59 25 30 46 20 59 37 37 68 50 24 45 77 28 55 50 67 84 84 89 92 92 92 99 96 96 102 102 109 119 87 119 119 120 103 89 76 129 133 142 100 