Seed: 1687000653

FO-const: 245 | FO-SA: 245 | Tempo: 7.826465s | SA: false
FO-const: 234 | FO-SA: 234 | Tempo: 16.129953s | SA: false
FO-const: 217 | FO-SA: 217 | Tempo: 24.057063s | SA: false
FO-const: 212 | FO-SA: 212 | Tempo: 55.603453s | SA: false
FO-const: 206 | FO-SA: 206 | Tempo: 78.028050s | SA: false

Melhor FO: 206 | Tempo: 78.028050s
Solucao: 
0 1 2 7 13 23 11 57 3 43 47 48 4 9 5 12 16 19 42 6 8 17 15 14 10 29 31 46 55 68 53 36 70 26 58 20 64 71 21 30 24 97 22 56 27 101 28 79 38 63 25 54 74 94 60 100 32 33 18 44 109 34 66 51 102 35 81 37 41 96 90 85 103 112 86 59 113 61 83 40 105 50 49 92 39 76 52 88 72 87 115 111 108 45 62 89 65 77 73 67 78 84 82 95 80 91 98 104 110 118 120 114 99 106 69 117 75 93 107 116 119 121 
0 0 0 9 9 15 9 15 0 3 8 19 20 3 28 29 11 38 42 29 39 44 38 19 39 43 38 43 9 45 52 44 43 20 28 47 45 47 51 58 58 60 48 68 60 51 61 26 65 71 72 73 15 26 82 82 90 98 28 82 106 65 98 52 106 111 112 54 122 102 56 132 136 144 136 61 146 137 143 106 149 66 150 149 82 122 153 149 102 114 162 155 119 90 105 68 111 156 171 121 111 157 177 179 179 157 177 167 167 184 170 177 186 188 125 190 131 143 184 194 201 206 