Seed: 1687000653

FO-const: 166 | FO-SA: 166 | Tempo: 6.434945s | SA: false
FO-const: 164 | FO-SA: 164 | Tempo: 23.174533s | SA: false
FO-const: 159 | FO-SA: 159 | Tempo: 46.472790s | SA: false
FO-const: 156 | FO-SA: 156 | Tempo: 76.001226s | SA: false
FO-const: 155 | FO-SA: 155 | Tempo: 108.295674s | SA: false
FO-const: 144 | FO-SA: 144 | Tempo: 131.816988s | SA: false

Melhor FO: 144 | Tempo: 131.816988s
Solucao: 
0 2 20 3 4 9 25 28 59 37 27 56 5 70 75 89 31 17 1 46 47 8 48 11 84 49 55 6 10 7 42 108 63 13 79 12 22 16 24 71 69 32 38 26 34 19 18 51 40 29 62 57 44 30 33 41 72 53 68 45 97 65 99 88 21 67 35 64 54 43 91 93 14 90 80 15 85 74 36 50 76 66 39 61 86 52 73 96 58 94 23 87 103 106 82 101 102 81 109 77 92 111 113 95 100 104 78 83 98 110 107 112 116 60 119 114 115 105 118 117 120 121 
0 0 3 0 3 13 3 5 5 15 3 19 13 6 9 19 22 9 0 27 35 20 36 1 37 36 27 1 3 22 32 14 37 17 37 20 9 27 27 27 35 33 45 30 6 32 6 9 36 42 22 33 46 47 50 47 39 50 56 53 49 56 53 42 26 59 15 51 59 45 59 55 64 27 69 20 70 49 64 69 74 77 53 77 77 87 83 30 88 68 86 62 87 97 52 72 95 87 96 96 63 102 100 87 103 102 100 103 105 111 114 122 122 68 108 121 96 64 114 130 134 144 