Seed: 1687000653

FO-const: 60 | FO-SA: 60 | Tempo: 0.535546s | SA: false
FO-const: 56 | FO-SA: 56 | Tempo: 2.360453s | SA: false
FO-const: 54 | FO-SA: 54 | Tempo: 6.219492s | SA: false
FO-const: 51 | FO-SA: 51 | Tempo: 12.123459s | SA: false
FO-const: 47 | FO-SA: 47 | Tempo: 74.015263s | SA: false

Melhor FO: 47 | Tempo: 74.015263s
Solucao: 
0 3 6 1 2 10 9 4 5 21 11 15 16 14 7 18 25 26 17 20 23 12 8 13 24 28 22 27 29 19 30 31 
0 0 7 0 0 13 2 10 11 7 7 14 13 14 13 18 24 33 24 23 28 15 10 23 30 30 33 35 39 25 35 47 