Seed: 1686985503

FO-const: 172 | FO-SA: 172 | Tempo: 7.995966s | SA: false
FO-const: 168 | FO-SA: 168 | Tempo: 14.389206s | SA: false
FO-const: 166 | FO-SA: 166 | Tempo: 23.115986s | SA: false
FO-const: 157 | FO-SA: 157 | Tempo: 32.558744s | SA: false
FO-const: 152 | FO-SA: 152 | Tempo: 78.670713s | SA: false
FO-const: 151 | FO-SA: 151 | Tempo: 110.153980s | SA: false
FO-const: 141 | FO-SA: 141 | Tempo: 153.152294s | SA: false

Melhor FO: 141 | Tempo: 153.152294s
Solucao: 
0 3 25 4 1 27 70 5 11 2 9 20 17 13 21 7 6 38 42 31 12 71 32 75 59 19 46 28 37 10 8 55 22 44 14 40 94 97 56 108 29 34 36 74 41 101 24 45 72 50 51 26 47 16 53 66 33 99 65 18 48 62 84 30 67 15 54 88 80 49 23 73 68 82 69 86 57 76 39 64 92 35 91 89 81 77 52 58 90 43 60 63 93 105 61 85 87 96 98 109 95 115 78 103 113 106 83 100 79 102 104 118 110 111 114 107 116 119 112 117 120 121 
0 0 3 3 0 3 6 13 1 0 13 3 9 17 20 22 1 32 32 22 9 16 17 21 5 33 33 5 15 3 21 27 9 27 37 37 34 27 19 38 37 6 42 44 34 47 31 43 28 47 6 33 41 42 47 50 44 50 52 22 49 28 52 57 60 23 66 56 70 42 60 63 70 58 66 73 36 78 81 44 66 26 73 50 83 84 84 85 45 22 75 85 67 74 90 81 26 90 92 92 100 100 91 92 101 107 98 92 103 94 107 109 111 99 121 110 119 118 118 127 131 141 