Seed: 1686985503

FO-const: 218 | FO-SA: 218 | Tempo: 7.570386s | SA: false
FO-const: 216 | FO-SA: 216 | Tempo: 77.177010s | SA: false
FO-const: 215 | FO-SA: 215 | Tempo: 92.455672s | SA: false
FO-const: 214 | FO-SA: 214 | Tempo: 107.790589s | SA: false
FO-const: 209 | FO-SA: 209 | Tempo: 194.136429s | SA: false
FO-const: 203 | FO-SA: 203 | Tempo: 267.372934s | SA: false

Melhor FO: 203 | Tempo: 267.372934s
Solucao: 
0 3 55 4 5 9 2 18 74 58 43 12 47 42 31 16 53 100 21 1 27 44 24 6 38 7 19 22 26 17 28 63 70 51 94 15 32 37 50 13 34 79 25 23 10 54 102 89 57 36 39 8 81 71 101 112 20 59 33 68 60 113 29 40 35 45 41 30 76 49 52 14 72 97 88 83 92 61 105 56 62 11 78 66 111 90 48 103 109 87 108 77 65 84 110 46 67 80 64 96 73 85 69 120 91 75 93 82 95 86 115 99 104 106 114 118 98 107 116 117 119 121 
0 0 2 2 10 2 5 10 10 12 11 11 16 21 20 10 30 23 31 31 38 40 46 11 39 46 23 35 45 56 56 56 27 39 16 64 69 64 40 40 69 51 77 77 27 82 87 42 51 58 91 27 94 99 103 77 56 64 104 87 91 112 31 112 112 103 116 69 120 126 129 46 91 71 138 129 135 141 135 104 108 58 114 115 147 113 64 139 129 120 138 148 119 149 152 31 149 153 65 120 158 149 153 164 165 175 179 165 167 155 171 175 177 180 187 180 181 181 191 190 198 203 