Seed: 1686985503

FO-const: 67 | FO-SA: 67 | Tempo: 0.565557s | SA: false
FO-const: 63 | FO-SA: 63 | Tempo: 1.675612s | SA: false
FO-const: 54 | FO-SA: 54 | Tempo: 3.494384s | SA: false
FO-const: 52 | FO-SA: 52 | Tempo: 5.886962s | SA: false
FO-const: 50 | FO-SA: 50 | Tempo: 34.330873s | SA: false

Melhor FO: 50 | Tempo: 34.330873s
Solucao: 
0 1 2 3 8 4 6 10 14 16 13 5 7 12 15 18 9 25 19 20 17 22 24 21 11 30 27 23 28 26 29 31 
0 0 0 0 10 10 7 13 10 13 23 14 13 17 17 17 2 27 27 23 27 36 27 7 7 38 38 29 31 36 42 50 