Seed: 1686985503

FO-const: 3132 | FO-SA: 3132 | Tempo: 2.303087s | SA: false
FO-const: 2442 | FO-SA: 2442 | Tempo: 4.485612s | SA: false
FO-const: 2331 | FO-SA: 2331 | Tempo: 9.090426s | SA: false
FO-const: 2136 | FO-SA: 2136 | Tempo: 13.968241s | SA: false
FO-const: 135 | FO-SA: 135 | Tempo: 18.446486s | SA: false
FO-const: 131 | FO-SA: 131 | Tempo: 58.992776s | SA: false

Melhor FO: 131 | Tempo: 58.992776s
Solucao: 
0 2 8 1 49 14 4 3 7 5 31 38 6 48 11 19 32 47 26 23 13 10 9 12 15 16 18 33 24 42 25 20 21 30 28 27 17 35 34 22 37 41 29 40 53 44 36 54 52 39 50 45 46 55 59 51 51 56 57 58 43 60 
0 0 6 6 9 10 6 10 13 13 18 19 20 27 21 19 23 35 26 21 27 31 35 43 43 50 50 59 68 76 53 81 49 53 21 68 90 53 74 60 76 77 97 30 86 97 90 101 101 92 102 99 99 102 105 110 120 120 120 130 103 107 