Seed: 1686980456

FO-const: 218 | FO-SA: 218 | Tempo: 7.573858s | SA: false
FO-const: 213 | FO-SA: 213 | Tempo: 45.020359s | SA: false
FO-const: 210 | FO-SA: 210 | Tempo: 76.558649s | SA: false
FO-const: 208 | FO-SA: 208 | Tempo: 83.925387s | SA: false
FO-const: 207 | FO-SA: 207 | Tempo: 250.244914s | SA: false
FO-const: 205 | FO-SA: 205 | Tempo: 461.968190s | SA: false
FO-const: 204 | FO-SA: 204 | Tempo: 622.996987s | SA: false

Melhor FO: 204 | Tempo: 622.996987s
Solucao: 
0 2 3 9 42 43 4 5 1 11 6 13 48 23 57 16 12 24 55 58 22 64 26 100 85 14 19 44 79 74 7 10 17 15 94 102 54 70 86 47 71 51 8 89 68 50 59 20 46 101 37 30 60 36 18 21 29 38 61 25 56 72 28 90 39 32 31 45 97 62 33 103 34 35 65 63 41 27 40 78 66 67 73 96 82 87 95 91 109 76 69 112 49 83 52 77 88 53 84 75 115 80 93 104 92 99 108 107 98 106 105 81 111 110 120 114 113 116 117 119 118 121 
0 0 0 2 10 3 2 10 12 21 11 21 27 27 28 10 32 41 3 12 41 28 21 51 59 32 51 63 36 29 21 21 51 13 32 63 69 55 63 12 36 45 25 70 34 55 69 40 25 45 59 49 78 64 18 78 41 85 91 74 84 88 45 78 91 99 64 99 51 107 107 115 69 97 113 123 125 101 115 113 123 127 135 131 141 123 143 141 85 127 133 147 149 151 152 157 161 91 158 157 164 173 164 158 158 178 128 178 164 180 178 188 180 164 182 168 198 188 183 198 202 204 