Seed: 1686980456

FO-const: 160 | FO-SA: 160 | Tempo: 8.600734s | SA: false
FO-const: 159 | FO-SA: 159 | Tempo: 64.720688s | SA: false
FO-const: 153 | FO-SA: 153 | Tempo: 114.996302s | SA: false
FO-const: 151 | FO-SA: 151 | Tempo: 153.191737s | SA: false
FO-const: 150 | FO-SA: 150 | Tempo: 243.531058s | SA: false
FO-const: 147 | FO-SA: 147 | Tempo: 586.970979s | SA: false

Melhor FO: 147 | Tempo: 586.970979s
Solucao: 
0 3 1 11 12 4 71 5 25 8 2 20 22 9 24 6 31 17 46 27 26 55 16 65 47 59 7 38 32 10 69 28 108 70 72 30 49 34 37 54 75 89 19 51 41 13 36 40 43 88 50 42 21 18 29 45 93 15 67 60 62 23 87 97 35 90 66 48 96 85 82 33 113 44 80 73 57 74 79 84 14 81 98 99 86 68 56 39 109 91 76 52 63 103 94 92 105 53 106 58 101 100 61 95 77 115 104 102 110 118 111 64 114 107 116 112 78 83 117 119 120 121 
0 0 0 1 9 3 16 13 3 13 0 3 9 20 20 1 22 5 27 3 22 27 24 25 35 5 22 33 35 3 35 5 16 35 38 36 41 6 15 45 44 33 38 6 36 27 20 42 39 49 25 54 30 16 42 42 56 30 55 54 45 55 45 56 20 60 63 48 63 49 49 49 65 65 69 69 27 49 72 73 49 77 80 51 80 65 22 73 86 68 90 79 93 98 92 55 96 89 108 90 98 92 92 102 109 108 109 109 113 116 114 28 123 117 125 125 126 133 133 138 137 147 