Seed: 1686995603

FO-const: 250 | FO-SA: 250 | Tempo: 8.688749s | SA: false
FO-const: 218 | FO-SA: 218 | Tempo: 16.407886s | SA: false
FO-const: 209 | FO-SA: 209 | Tempo: 153.840028s | SA: false
FO-const: 208 | FO-SA: 208 | Tempo: 192.925825s | SA: false
FO-const: 205 | FO-SA: 205 | Tempo: 526.204649s | SA: false

Melhor FO: 205 | Tempo: 526.204649s
Solucao: 
0 3 9 44 16 21 55 38 24 26 1 4 42 58 63 100 5 7 74 18 27 2 11 94 13 23 48 12 102 22 43 17 79 90 6 54 57 60 10 29 14 37 8 31 25 64 28 53 51 34 19 81 20 36 50 112 68 15 32 39 45 35 62 30 78 59 85 70 41 46 33 83 89 56 103 65 73 67 40 97 87 76 108 71 69 109 47 105 88 113 98 92 86 75 82 49 52 66 91 72 96 115 93 104 114 111 107 95 116 101 118 61 77 84 80 110 120 99 106 117 119 121 
0 0 2 10 10 13 2 20 20 26 16 2 30 32 41 43 10 32 10 10 32 5 51 33 25 35 57 51 57 60 35 42 32 60 11 60 64 69 21 25 31 50 30 65 68 64 75 78 68 79 69 84 40 36 83 94 40 94 99 79 87 107 107 99 113 78 114 73 118 25 128 128 73 118 136 113 144 123 136 101 144 144 149 107 127 108 40 134 153 150 156 138 118 150 156 158 161 165 169 122 179 170 158 181 191 160 179 159 192 111 179 181 187 188 189 191 194 195 197 199 200 205 