Seed: 1686995603

FO-const: 175 | FO-SA: 175 | Tempo: 7.907552s | SA: false
FO-const: 159 | FO-SA: 159 | Tempo: 15.606034s | SA: false
FO-const: 155 | FO-SA: 155 | Tempo: 68.796653s | SA: false
FO-const: 154 | FO-SA: 154 | Tempo: 109.134658s | SA: false
FO-const: 150 | FO-SA: 150 | Tempo: 285.009220s | SA: false
FO-const: 149 | FO-SA: 149 | Tempo: 629.696158s | SA: false

Melhor FO: 149 | Tempo: 629.696158s
Solucao: 
0 2 28 20 17 3 25 4 5 9 31 1 6 37 8 16 7 13 18 35 19 42 62 59 55 46 69 90 15 38 24 41 14 21 11 44 22 67 80 82 12 27 23 29 70 33 65 94 92 32 108 74 47 99 101 45 89 30 40 54 105 68 71 75 48 10 84 39 63 34 81 51 52 49 53 72 79 109 58 43 60 87 97 36 50 26 85 76 113 86 88 100 61 93 95 57 66 96 91 78 98 104 115 103 102 73 56 106 110 83 77 111 114 64 107 116 119 117 112 120 118 121 
0 0 3 3 3 0 3 5 15 15 24 0 1 13 19 26 24 19 5 9 34 34 9 5 29 29 37 11 22 35 26 37 26 22 1 37 9 38 48 13 14 3 37 41 7 48 47 48 48 55 21 49 52 53 56 56 32 59 59 68 59 68 25 25 66 9 67 71 73 12 74 12 78 53 69 37 78 83 79 59 77 72 30 86 91 33 41 89 86 94 59 104 79 91 98 36 94 17 89 92 105 105 89 104 86 100 27 114 117 103 112 95 127 90 119 127 108 135 127 139 119 149 