Seed: 1686995603

FO-const: 56 | FO-SA: 56 | Tempo: 0.519597s | SA: false
FO-const: 54 | FO-SA: 54 | Tempo: 1.773244s | SA: false
FO-const: 52 | FO-SA: 52 | Tempo: 8.645506s | SA: false
FO-const: 51 | FO-SA: 51 | Tempo: 22.251240s | SA: false
FO-const: 47 | FO-SA: 47 | Tempo: 77.341694s | SA: false

Melhor FO: 47 | Tempo: 77.341694s
Solucao: 
0 1 9 11 21 3 2 4 6 16 7 8 5 12 15 10 25 17 19 18 14 23 22 13 24 26 28 20 27 29 30 31 
0 0 2 7 7 0 0 10 7 13 13 10 11 15 14 13 24 24 24 14 24 28 33 31 33 33 30 28 35 39 35 47 