Seed: 1686993077

FO-const: 221 | FO-SA: 221 | Tempo: 8.033980s | SA: false
FO-const: 218 | FO-SA: 218 | Tempo: 16.528808s | SA: false
FO-const: 208 | FO-SA: 208 | Tempo: 24.109116s | SA: false
FO-const: 205 | FO-SA: 205 | Tempo: 134.940688s | SA: false
FO-const: 198 | FO-SA: 198 | Tempo: 642.445968s | SA: false

Melhor FO: 198 | Tempo: 642.445968s
Solucao: 
0 1 3 7 11 13 14 2 55 58 100 43 23 4 18 48 47 74 17 9 5 42 57 6 94 37 64 54 44 10 29 16 12 24 36 19 50 31 70 60 85 22 51 25 89 102 59 86 21 38 27 26 46 28 34 79 53 81 39 61 63 72 90 32 112 35 33 45 40 62 65 49 67 73 52 8 82 95 69 75 20 15 30 76 87 78 77 56 93 108 41 97 66 84 88 80 68 91 103 96 113 71 118 115 107 109 101 99 110 83 98 105 104 114 106 117 116 120 92 111 119 121 
0 0 0 9 9 9 15 0 3 15 24 3 15 32 40 15 8 6 40 6 40 48 19 41 8 48 51 50 20 52 56 14 50 59 69 69 73 59 73 59 73 59 63 77 70 77 66 77 41 48 59 32 56 69 78 38 84 89 87 99 84 99 105 110 105 87 118 95 126 102 108 134 118 137 143 52 126 128 122 132 60 152 78 134 134 108 109 118 136 139 152 80 122 126 157 162 60 162 143 151 99 172 132 167 176 128 176 176 149 178 153 184 172 182 179 184 186 188 185 191 193 198 