Seed: 1686993077

FO-const: 164 | FO-SA: 164 | Tempo: 6.970559s | SA: false
FO-const: 157 | FO-SA: 157 | Tempo: 15.148149s | SA: false
FO-const: 154 | FO-SA: 154 | Tempo: 22.219386s | SA: false
FO-const: 153 | FO-SA: 153 | Tempo: 59.158215s | SA: false
FO-const: 147 | FO-SA: 147 | Tempo: 96.970659s | SA: false

Melhor FO: 147 | Tempo: 96.970659s
Solucao: 
0 1 2 11 17 6 12 71 3 4 8 16 18 5 20 30 25 31 27 59 55 22 54 60 24 62 65 70 9 28 26 82 44 7 68 57 42 35 13 46 75 14 108 21 10 15 69 94 67 72 37 80 85 32 19 23 90 101 34 92 56 97 38 51 29 113 53 64 74 36 50 33 99 66 89 105 76 47 48 49 88 91 84 43 73 79 87 86 41 63 103 45 40 81 96 106 39 61 93 98 52 95 107 109 115 112 104 110 58 102 77 100 111 118 114 78 83 116 117 120 119 121 
0 0 0 1 3 1 9 16 0 3 13 20 3 13 3 23 7 22 3 9 27 9 32 41 20 7 27 9 22 21 23 16 31 22 35 38 39 16 26 40 18 35 41 32 6 29 48 45 41 48 31 51 32 49 36 49 51 53 9 40 35 59 63 9 40 63 58 39 47 65 70 47 70 73 59 65 53 72 73 73 60 72 74 53 79 76 73 82 65 74 92 92 61 98 73 102 84 87 80 87 98 97 104 107 97 112 104 112 108 115 87 94 120 115 123 71 122 125 133 137 127 147 