Seed: 1686993077

FO-const: 135 | FO-SA: 135 | Tempo: 2.295888s | SA: false
FO-const: 132 | FO-SA: 132 | Tempo: 4.797903s | SA: false
FO-const: 122 | FO-SA: 122 | Tempo: 6.969241s | SA: false
FO-const: 121 | FO-SA: 121 | Tempo: 11.391547s | SA: false
FO-const: 119 | FO-SA: 119 | Tempo: 22.782380s | SA: false
FO-const: 118 | FO-SA: 118 | Tempo: 29.755944s | SA: false

Melhor FO: 118 | Tempo: 29.755944s
Solucao: 
0 2 3 16 29 34 40 43 1 9 12 45 35 39 27 42 14 4 51 5 6 53 7 10 8 36 21 24 15 11 22 13 19 33 55 52 28 23 30 18 20 17 38 25 54 37 26 31 44 41 49 46 32 56 50 47 48 59 60 57 58 61 
0 0 0 3 9 3 10 10 4 13 17 25 25 28 31 32 13 17 41 22 23 33 37 33 23 30 45 49 39 46 49 55 46 40 57 60 49 62 65 65 75 22 67 85 75 56 77 94 85 23 86 86 98 92 93 30 100 110 101 101 108 118 