Seed: 1686990554

FO-const: 171 | FO-SA: 171 | Tempo: 6.870223s | SA: false
FO-const: 157 | FO-SA: 157 | Tempo: 17.145772s | SA: false
FO-const: 153 | FO-SA: 153 | Tempo: 134.326510s | SA: false
FO-const: 148 | FO-SA: 148 | Tempo: 682.425100s | SA: false
FO-const: 144 | FO-SA: 144 | Tempo: 697.151473s | SA: false

Melhor FO: 144 | Tempo: 697.151473s
Solucao: 
0 3 4 2 28 25 5 37 17 8 24 7 20 16 1 19 40 56 26 38 30 31 57 6 55 42 18 44 27 68 70 108 65 64 41 59 29 85 75 94 54 11 33 97 46 47 12 62 71 22 72 99 39 45 35 10 34 9 90 13 67 101 48 36 50 88 91 61 113 51 53 52 60 32 49 96 14 58 89 74 15 82 84 21 66 102 92 80 43 63 79 98 105 73 86 23 103 77 93 107 115 118 69 112 81 76 87 95 109 104 100 106 116 111 117 110 78 114 120 83 119 121 
0 0 3 0 3 3 13 13 3 13 20 22 5 20 0 32 36 17 22 32 23 22 27 1 28 34 5 32 3 34 7 11 36 28 34 5 38 34 15 44 37 1 45 27 46 54 48 9 55 9 60 47 55 38 10 9 12 23 20 27 44 55 55 60 65 63 70 58 65 12 68 58 46 71 55 23 71 73 28 45 30 13 75 30 73 80 37 77 75 85 80 45 58 79 90 88 100 82 88 95 68 98 89 103 103 59 108 103 112 110 114 110 122 118 130 114 100 124 134 124 129 144 