Seed: 1686990554

FO-const: 132 | FO-SA: 132 | Tempo: 2.232523s | SA: false
FO-const: 125 | FO-SA: 125 | Tempo: 14.386382s | SA: false
FO-const: 121 | FO-SA: 121 | Tempo: 43.120000s | SA: false
FO-const: 119 | FO-SA: 119 | Tempo: 57.838781s | SA: false
FO-const: 118 | FO-SA: 118 | Tempo: 228.663430s | SA: false
FO-const: 117 | FO-SA: 117 | Tempo: 307.436895s | SA: false

Melhor FO: 117 | Tempo: 307.436895s
Solucao: 
0 1 12 45 4 3 35 39 5 21 16 34 6 27 53 10 17 8 36 37 43 29 15 2 7 14 55 9 41 11 47 33 13 42 24 18 19 40 51 26 28 30 44 22 46 20 50 25 23 52 31 38 54 32 48 49 57 59 58 56 60 61 
0 0 4 12 4 0 12 15 9 18 22 3 10 19 20 22 9 10 23 28 29 36 36 3 36 37 37 7 10 45 23 40 48 40 55 61 49 57 55 71 49 61 66 24 67 74 84 84 32 59 93 80 74 97 99 90 93 109 100 100 109 117 