Seed: 1686990554

FO-const: 3135 | FO-SA: 3135 | Tempo: 2.451807s | SA: false
FO-const: 2443 | FO-SA: 2443 | Tempo: 5.096476s | SA: false
FO-const: 2440 | FO-SA: 2440 | Tempo: 7.338492s | SA: false
FO-const: 2134 | FO-SA: 2134 | Tempo: 14.417747s | SA: false
FO-const: 2123 | FO-SA: 2123 | Tempo: 29.504345s | SA: false
FO-const: 3135 | FO-SA: 1723 | Tempo: 98.210932s | SA: true
FO-const: 139 | FO-SA: 139 | Tempo: 100.370210s | SA: false

Melhor FO: 139 | Tempo: 100.370210s
Solucao: 
0 3 2 38 1 49 4 31 5 7 9 15 11 19 47 10 21 32 6 29 16 22 37 25 23 12 18 27 20 30 24 48 33 35 28 34 17 8 43 13 44 42 52 39 40 54 14 36 50 51 45 53 26 41 55 56 46 57 58 59 51 60 
0 0 3 3 9 12 9 12 11 13 18 26 21 13 18 19 32 23 19 36 26 40 46 29 25 46 53 40 62 53 62 40 71 29 70 80 54 36 79 80 71 88 48 46 83 88 93 89 91 101 88 94 101 73 89 111 106 114 123 124 129 98 