Seed: 1686988029

FO-const: 224 | FO-SA: 224 | Tempo: 7.972437s | SA: false
FO-const: 221 | FO-SA: 221 | Tempo: 15.481925s | SA: false
FO-const: 215 | FO-SA: 215 | Tempo: 30.318187s | SA: false
FO-const: 211 | FO-SA: 211 | Tempo: 173.636063s | SA: false
FO-const: 205 | FO-SA: 205 | Tempo: 213.510284s | SA: false

Melhor FO: 205 | Tempo: 213.510284s
Solucao: 
0 2 1 3 55 58 4 11 48 74 9 43 18 16 26 79 13 7 5 14 47 42 94 15 12 23 6 19 70 50 10 44 90 24 21 71 27 38 29 100 102 64 22 28 32 72 63 17 31 85 33 36 51 53 59 101 25 57 61 86 8 39 37 68 54 34 35 41 81 46 83 20 105 92 112 111 40 30 45 89 76 49 88 97 115 113 60 87 108 62 77 109 52 56 103 66 80 65 78 99 106 67 73 69 82 75 95 118 98 91 96 93 107 117 84 110 120 104 114 116 119 121 
0 0 0 0 3 6 15 23 29 29 6 3 23 14 17 23 9 23 23 15 8 33 31 24 35 44 24 44 48 48 34 49 29 55 35 42 46 50 38 65 73 42 53 57 80 65 88 68 61 90 94 46 57 88 60 46 102 61 73 94 34 112 79 65 102 79 88 120 130 38 140 76 146 146 140 152 102 85 120 111 112 142 121 87 150 145 111 110 115 122 149 114 159 94 159 98 168 128 128 173 175 152 177 167 173 173 175 179 183 130 124 177 183 192 153 156 167 140 150 193 200 205 