Seed: 1686988029

FO-const: 128 | FO-SA: 128 | Tempo: 2.285742s | SA: false
FO-const: 127 | FO-SA: 127 | Tempo: 19.524825s | SA: false
FO-const: 122 | FO-SA: 122 | Tempo: 21.907878s | SA: false
FO-const: 119 | FO-SA: 119 | Tempo: 26.789502s | SA: false
FO-const: 116 | FO-SA: 116 | Tempo: 213.906163s | SA: false

Melhor FO: 116 | Tempo: 213.906163s
Solucao: 
0 1 9 4 21 17 3 37 34 16 5 22 23 41 24 8 7 47 29 11 14 36 12 13 52 20 15 2 27 28 30 25 18 45 19 40 6 10 33 54 44 38 26 35 53 31 46 39 43 32 48 49 42 50 57 58 55 51 56 60 59 61 
0 0 4 4 9 9 0 10 3 13 9 13 21 10 19 11 21 13 25 30 24 25 11 33 26 34 32 3 40 40 33 44 44 54 53 61 30 40 47 61 64 65 70 41 75 53 79 54 79 57 70 80 86 86 94 101 86 95 99 108 108 116 