Seed: 1686977934

FO-const: 219 | FO-SA: 219 | Tempo: 8.157950s | SA: false
FO-const: 213 | FO-SA: 213 | Tempo: 96.436885s | SA: false
FO-const: 209 | FO-SA: 209 | Tempo: 111.775841s | SA: false
FO-const: 208 | FO-SA: 208 | Tempo: 184.271798s | SA: false
FO-const: 207 | FO-SA: 207 | Tempo: 603.208341s | SA: false
FO-const: 205 | FO-SA: 205 | Tempo: 618.519098s | SA: false

Melhor FO: 205 | Tempo: 618.519098s
Solucao: 
0 3 2 4 18 1 7 43 5 15 6 47 9 16 11 13 26 55 12 10 71 57 17 31 54 74 46 22 21 36 48 37 29 24 53 38 94 25 79 8 58 44 39 23 19 63 42 68 60 14 64 28 20 45 90 32 51 100 27 89 101 59 30 33 56 50 62 103 65 40 97 67 85 49 81 86 73 98 52 87 78 72 113 70 61 34 112 77 91 80 69 76 102 88 35 108 109 115 99 66 82 84 75 41 106 96 93 83 110 95 92 105 107 120 118 111 104 114 116 117 119 121 
0 0 0 2 10 10 19 3 10 15 11 10 2 10 19 19 20 3 29 21 26 38 38 38 46 10 25 42 30 26 25 46 30 55 48 48 12 65 26 25 37 75 75 54 38 65 83 42 55 42 48 59 46 83 59 85 46 67 37 49 85 64 55 93 93 69 97 101 103 101 57 113 109 113 116 126 127 133 133 109 113 103 142 44 75 81 146 148 149 149 117 154 133 163 106 114 101 166 159 142 175 154 133 177 161 146 142 187 159 177 193 193 154 197 181 199 161 171 175 166 200 205 