Seed: 1686977934

FO-const: 67 | FO-SA: 67 | Tempo: 0.623336s | SA: false
FO-const: 60 | FO-SA: 60 | Tempo: 1.853481s | SA: false
FO-const: 57 | FO-SA: 57 | Tempo: 4.315551s | SA: false
FO-const: 54 | FO-SA: 54 | Tempo: 5.702561s | SA: false
FO-const: 51 | FO-SA: 51 | Tempo: 7.109294s | SA: false
FO-const: 48 | FO-SA: 48 | Tempo: 21.359951s | SA: false

Melhor FO: 48 | Tempo: 21.359951s
Solucao: 
0 2 4 3 1 5 8 15 14 27 9 19 17 21 6 10 18 16 25 13 12 20 7 22 30 24 26 11 23 29 28 31 
0 0 10 0 0 11 10 14 14 24 2 24 24 7 7 13 18 13 28 31 14 23 18 37 39 33 37 7 28 38 30 48 