Seed: 1686977934

FO-const: 53 | FO-SA: 53 | Tempo: 0.655800s | SA: false
FO-const: 51 | FO-SA: 51 | Tempo: 5.989165s | SA: false
FO-const: 50 | FO-SA: 50 | Tempo: 31.812969s | SA: false
FO-const: 47 | FO-SA: 47 | Tempo: 38.065674s | SA: false
FO-const: 46 | FO-SA: 46 | Tempo: 63.614588s | SA: false
FO-const: 43 | FO-SA: 43 | Tempo: 80.864622s | SA: false

Melhor FO: 43 | Tempo: 80.864622s
Solucao: 
0 2 12 1 3 14 9 7 17 8 6 18 26 11 13 15 10 25 4 19 16 20 5 24 21 27 30 22 23 29 28 31 
0 0 4 4 0 12 6 4 10 10 4 13 15 13 15 13 16 25 12 25 23 29 31 32 29 32 35 36 38 41 18 43 