Seed: 1686977934

FO-const: 126 | FO-SA: 126 | Tempo: 2.841393s | SA: false
FO-const: 125 | FO-SA: 125 | Tempo: 32.119774s | SA: false
FO-const: 122 | FO-SA: 122 | Tempo: 45.055662s | SA: false
FO-const: 120 | FO-SA: 120 | Tempo: 85.837638s | SA: false
FO-const: 116 | FO-SA: 116 | Tempo: 212.165194s | SA: false

Melhor FO: 116 | Tempo: 212.165194s
Solucao: 
0 3 14 1 9 16 12 29 4 27 35 39 21 22 28 23 5 43 7 11 45 6 53 52 20 17 41 2 8 37 13 42 15 51 55 33 24 36 19 18 47 10 54 30 38 25 44 26 46 50 31 34 32 40 49 57 56 58 60 48 59 61 
0 0 3 0 4 4 9 10 11 17 17 20 16 20 20 28 21 23 30 39 30 28 38 39 42 16 17 11 31 37 42 49 38 58 52 46 58 55 55 64 20 52 63 64 72 74 74 82 75 82 83 3 90 39 87 91 93 98 102 98 108 116 