Seed: 1686982978

FO-const: 60 | FO-SA: 60 | Tempo: 0.644872s | SA: false
FO-const: 55 | FO-SA: 55 | Tempo: 1.196049s | SA: false
FO-const: 54 | FO-SA: 54 | Tempo: 5.465050s | SA: false
FO-const: 52 | FO-SA: 52 | Tempo: 7.873177s | SA: false
FO-const: 51 | FO-SA: 51 | Tempo: 45.538501s | SA: false
FO-const: 47 | FO-SA: 47 | Tempo: 160.070911s | SA: false

Melhor FO: 47 | Tempo: 160.070911s
Solucao: 
0 2 4 3 6 5 14 16 18 15 17 7 19 1 10 20 25 22 9 11 23 12 30 8 21 27 28 13 26 24 29 31 
0 0 10 0 7 11 14 13 18 14 24 13 24 0 13 23 24 33 2 7 28 15 35 10 7 35 30 31 33 33 39 47 