Seed: 1686982978

FO-const: 133 | FO-SA: 133 | Tempo: 2.403620s | SA: false
FO-const: 127 | FO-SA: 127 | Tempo: 4.780207s | SA: false
FO-const: 123 | FO-SA: 123 | Tempo: 7.036674s | SA: false
FO-const: 121 | FO-SA: 121 | Tempo: 9.316501s | SA: false
FO-const: 118 | FO-SA: 118 | Tempo: 67.316679s | SA: false
FO-const: 113 | FO-SA: 113 | Tempo: 241.745568s | SA: false

Melhor FO: 113 | Tempo: 241.745568s
Solucao: 
0 2 1 9 4 17 37 41 3 21 12 5 22 27 45 52 16 34 6 24 7 29 35 10 47 40 39 42 11 14 53 8 28 15 33 36 43 55 13 19 51 30 54 23 38 20 25 44 18 46 49 26 56 50 31 60 32 48 59 57 58 61 
0 0 0 4 4 9 10 10 11 9 13 9 13 21 21 25 14 20 28 28 34 38 21 39 13 39 42 45 43 28 43 13 36 34 43 35 54 61 47 35 54 49 64 54 58 64 74 57 74 68 83 84 89 75 84 98 93 95 105 98 105 113 