Seed: 1686982978

FO-const: 3140 | FO-SA: 3140 | Tempo: 2.992587s | SA: false
FO-const: 2135 | FO-SA: 2135 | Tempo: 5.416364s | SA: false
FO-const: 2637 | FO-SA: 1919 | Tempo: 34.399893s | SA: true
FO-const: 3125 | FO-SA: 1402 | Tempo: 65.257778s | SA: true
FO-const: 2336 | FO-SA: 1222 | Tempo: 240.012654s | SA: true
FO-const: 141 | FO-SA: 141 | Tempo: 274.324253s | SA: false

Melhor FO: 141 | Tempo: 274.324253s
Solucao: 
0 3 1 7 38 48 49 2 4 11 8 5 10 9 19 6 23 32 15 14 18 31 26 20 12 47 21 22 24 13 41 37 46 17 44 16 54 33 29 34 52 59 28 36 25 27 40 30 39 42 53 45 50 51 35 56 43 55 51 57 58 60 
0 0 3 6 3 11 14 15 21 15 21 23 23 30 23 30 31 25 38 28 44 44 36 53 53 45 44 46 60 62 62 62 71 70 77 38 79 80 89 93 93 95 31 96 79 98 77 52 104 83 104 111 100 111 46 121 82 112 131 121 131 103 